1,0 2,0.4 10,0.1 22,0.3 28,0.3 30,0.1
2,0 1,0.4 3,0.1 4,0.2
3,0 2,0.1 28,0.1
4,0 2,0.2 5,0.1
5,0 4,0.1 6,0.1 7,0.3
6,0 5,0.1
7,0 5,0.3 8,0.1 9,0.1
8,0 7,0.1
9,0 7,0.1 26,0.2
10,0 1,0.1 11,0.1
11,0 12,0.05 10,0.1
12,0 11,0.05 13,0.2
13,0 12,0.2 14,0.1 15,0.3 19,0.2 20,0.2
14,0 15,0.05
15,0 13,0.3 14,0.05 16,0.3
16,0 15,0.3 17,0.3
17,0 16,0.3 18,0.1
18,0 17,0.1 19,0.2
19,0 13,0.2 18,0.2 20,0.3
20,0 13,0.2 19,0.3 21,0.2
21,0 20,0.2 22,0.1
22,0 21,0.1 1,0.3
23,0 24,0.4 28,0.2
24,0 23,0.4 25,0.3
25,0 24,0.3 26,0.2
26,0 25,0.2 27,0.2 9,0.1
27,0 26,0.2
28,0 1,0.4 3,0.1 23,0.2 29,0.2
29,0 28,0.2
30,0 1,0.1